521
508
507
520
478
581
616
663
660
566
661
709
779
760
647
705
731
790
764
707
741
824
809
762
758
794
757
845
874
784
788
826
907
874
784
738
703
740
756
683
853
758
875
906
793
988
838
960
1056
948
1010
918
951
1123
970
1009
918
1072
1117
1012
1106
934
1031
1220
1007
1106
1024
1031
1256
1045
1059
986
1049
1130
902
1341
1166
1295
1268
1154
1481
1312
1547
1390
1368
1578
1419
1571
1514
1417
1578
1419
1571
1551
1471
1652
1421
1682
1482
1459
1723
1421
1682
1572
1531
1353
1434
1367
1480
1384
1640
1803
1605
1873
1699
1846
2028
1891
2044
1992
1996
2107
1900
2040
2033
2001
2097
1900
2065
2033
2155
2167
2081
2115
2168
2155
2167
2081
2126
2168
1762
1695
1736
1792
1777
2162
2055
2272
2128
2201
2426
2316
2539
2449
2555
2611
2401
2596
2449
2571
2808
2507
2614
2449
2623
2566
2556
2694
2668
2636
2691
2523
2740
2668
2643
2266
2130
2214
2153
2130
2761
2688
2934
2738
2616
3125
3006
3314
3159
2996
3145
3129
3304
3361
2996
3328
3203
3315
3372
3229
3393
3264
3382
3371
3178
3414
3287
3414
3484
3178
2716
2682
2806
2716
2617
3366
3392
3602
3246
3270
3808
3818
4080
3836
3681
3868
3976
4184
3991
3833
3943
4051
4192
3951
3885
4103
4107
4246
4104
3850
4103
4126
4280
4177
3949
3183
3218
3274
3340
3182
3887
4010
4198
4033
3952
4538
4431
4975
4502
4552
4755
4724
5042
4839
4864
4804
4814
4983
4826
4844
4769
4849
5170
4890
4888
4989
4849
5171
5134
5042
3697
3422
3876
3842
3513
4333
4264
4632
4622
4269
4866
4941
5139
5214
5006
4974
5197
5940
5361
5199
5075
5217
5873
5440
5384
5336
5328
5689
5518
5407
5369
5469
5886
5712
5553